Name,Roll No,Date,Attendence
GADA DEEP,1,20-07-2022,Present
URAV SAURABH,2,20-07-2022,Present
CHAWAN HARSHAL,3,20-07-2022,Present
JAIN KRISH,4,20-07-2022,Present
SHETTIGAR VIRINCHI,5,20-07-2022,Present
PASAD KUNAL,6,20-07-2022,Absent
JASANI PAMMI,7,20-07-2022,Present
RAHUL SHARMA,8,20-07-2022,Present
USMAN ZAFAR,9,20-07-2022,Present
SHIVAM SHRIVASTAVA,10,20-07-2022,Absent
SHAH ANANT,11,20-07-2022,Present
PRIYAL RAMAL,12,20-07-2022,Present
SAMRUDDHI TRIVEDI,13,20-07-2022,Present
FAISAL KHAN,14,20-07-2022,Present
KARAN JAIN,15,20-07-2022,Present
RAO URAD,16,20-07-2022,Present
SHAUN DSOUZA,17,20-07-2022,Present
SAHIL SINGH,18,20-07-2022,Present
ADITYA NAYAK,19,20-07-2022,Absent
ARUN PAL,20,20-07-2022,Present